m
            1             0             0             0             0             0             0             0             0             0             0             0             0             0             0             0             0             0             0             0             0             0             0             0             0             0             0             0             0             0             0             0             0             0             0             0             0             0             0             0             0             0             0             0
     8.8e+006  2.93333e+009     -8.8e+006  1.46667e+009             0             0             0             0             0             0             0             0             0             0             0             0             0             0             0             0             0             0             0             0             0             0             0             0             0             0             0             0             0             0             0             0             0             0             0             0             0             0             0             0
       -35200     -8.8e+006         70400             0        -35200      8.8e+006             0             0             0             0             0             0             0             0             0             0             0             0             0             0             0             0             0             0             0             0             0             0             0             0             0             0             0             0             0             0             0             0             0             0             0             0             0             0
     8.8e+006  1.46667e+009             0  5.86667e+009     -8.8e+006  1.46667e+009             0             0             0             0             0             0             0             0             0             0             0             0             0             0             0             0             0             0             0             0             0             0             0             0             0             0             0             0             0             0             0             0             0             0             0             0             0             0
            0             0        -35200     -8.8e+006         70400             0        -35200      8.8e+006             0             0             0             0             0             0             0             0             0             0             0             0             0             0             0             0             0             0             0             0             0             0             0             0             0             0             0             0             0             0             0             0             0             0             0             0
            0             0      8.8e+006  1.46667e+009             0  5.86667e+009     -8.8e+006  1.46667e+009             0             0             0             0             0             0             0             0             0             0             0             0             0             0             0             0             0             0             0             0             0             0             0             0             0             0             0             0             0             0             0             0             0             0             0             0
            0             0             0             0        -35200     -8.8e+006         70400             0        -35200      8.8e+006             0             0             0             0             0             0             0             0             0             0             0             0             0             0             0             0             0             0             0             0             0             0             0             0             0             0             0             0             0             0             0             0             0             0
            0             0             0             0      8.8e+006  1.46667e+009             0  5.86667e+009     -8.8e+006  1.46667e+009             0             0             0             0             0             0             0             0             0             0             0             0             0             0             0             0             0             0             0             0             0             0             0             0             0             0             0             0             0             0             0             0             0             0
            0             0             0             0             0             0        -35200     -8.8e+006         70400             0        -35200      8.8e+006             0             0             0             0             0             0             0             0             0             0             0             0             0             0             0             0             0             0             0             0             0             0             0             0             0             0             0             0             0             0             0             0
            0             0             0             0             0             0      8.8e+006  1.46667e+009             0  5.86667e+009     -8.8e+006  1.46667e+009             0             0             0             0             0             0             0             0             0             0             0             0             0             0             0             0             0             0             0             0             0             0             0             0             0             0             0             0             0             0             0             0
            0             0             0             0             0             0             0             0        -35200     -8.8e+006  1.28632e+007   4.4018e+008  -1.2828e+007   4.4898e+008             0             0             0             0             0             0             0             0             0             0             0             0             0             0             0             0             0             0             0             0             0             0             0             0             0             0             0             0             0             0
            0             0             0             0             0             0             0             0      8.8e+006  1.46667e+009   4.4018e+008  2.38857e+010  -4.4898e+008  1.04762e+010             0             0             0             0             0             0             0             0             0             0             0             0             0             0             0             0             0             0             0             0             0             0             0             0             0             0             0             0             0             0
            0             0             0             0             0             0             0             0             0             0  -1.2828e+007  -4.4898e+008  1.28833e+007 -4.37081e+008        -55341  1.18983e+007             0             0             0             0             0             0             0             0             0             0             0             0             0             0             0             0             0             0             0             0             0             0             0             0             0             0             0             0
            0             0             0             0             0             0             0             0             0             0   4.4898e+008  1.04762e+010 -4.37081e+008  2.43632e+010 -1.18983e+007  1.70543e+009             0             0             0             0             0             0             0             0             0             0             0             0             0             0             0             0             0             0             0             0             0             0             0             0             0             0             0             0
            0             0             0             0             0             0             0             0             0             0             0             0        -55341 -1.18983e+007         90541 -3.09832e+006        -35200      8.8e+006             0             0             0             0             0             0             0             0             0             0             0             0             0             0             0             0             0             0             0             0             0             0             0             0             0             0
            0             0             0             0             0             0             0             0             0             0             0             0  1.18983e+007  1.70543e+009 -3.09832e+006  6.34419e+009     -8.8e+006  1.46667e+009             0             0             0             0             0             0             0             0             0             0             0             0             0             0             0             0             0             0             0             0             0             0             0             0             0             0
            0             0             0             0             0             0             0             0             0             0             0             0             0             0        -35200     -8.8e+006         70400             0        -35200      8.8e+006             0             0             0             0             0             0             0             0             0             0             0             0             0             0             0             0             0             0             0             0             0             0             0             0
            0             0             0             0             0             0             0             0             0             0             0             0             0             0      8.8e+006  1.46667e+009             0  5.86667e+009     -8.8e+006  1.46667e+009             0             0             0             0             0             0             0             0             0             0             0             0             0             0             0             0             0             0             0             0             0             0             0             0
            0             0             0             0             0             0             0             0             0             0             0             0             0             0             0             0        -35200     -8.8e+006         70400             0        -35200      8.8e+006             0             0             0             0             0             0             0             0             0             0             0             0             0             0             0             0             0             0             0             0             0             0
            0             0             0             0             0             0             0             0             0             0             0             0             0             0             0             0      8.8e+006  1.46667e+009             0  5.86667e+009     -8.8e+006  1.46667e+009             0             0             0             0             0             0             0             0             0             0             0             0             0             0             0             0             0             0             0             0             0             0
            0             0             0             0             0             0             0             0             0             0             0             0             0             0             0             0             0             0        -35200     -8.8e+006         70400             0        -35200      8.8e+006             0             0             0             0             0             0             0             0             0             0             0             0             0             0             0             0             0             0             0             0
            0             0             0             0             0             0             0             0             0             0             0             0             0             0             0             0             0             0      8.8e+006  1.46667e+009             0  5.86667e+009     -8.8e+006  1.46667e+009             0             0             0             0             0             0             0             0             0             0             0             0             0             0             0             0             0             0             0             0
            0             0             0             0             0             0             0             0             0             0             0             0             0             0             0             0             0             0             0             0             0             0             1             0             0             0             0             0             0             0             0             0             0             0             0             0             0             0             0             0             0             0             0             0
            0             0             0             0             0             0             0             0             0             0             0             0             0             0             0             0             0             0             0             0      8.8e+006  1.46667e+009     2.64e+007      8.8e+009    -3.52e+007  2.93333e+009             0             0             0             0             0             0             0             0             0             0             0             0             0             0             0             0             0             0
            0             0             0             0             0             0             0             0             0             0             0             0             0             0             0             0             0             0             0             0             0             0       -281600    -3.52e+007        563200             0       -281600     3.52e+007             0             0             0             0             0             0             0             0             0             0             0             0             0             0             0             0
            0             0             0             0             0             0             0             0             0             0             0             0             0             0             0             0             0             0             0             0             0             0     3.52e+007  2.93333e+009             0  1.17333e+010    -3.52e+007  2.93333e+009             0             0             0             0             0             0             0             0             0             0             0             0             0             0             0             0
            0             0             0             0             0             0             0             0             0             0             0             0             0             0             0             0             0             0             0             0             0             0             0             0       -281600    -3.52e+007        563200             0       -281600     3.52e+007             0             0             0             0             0             0             0             0             0             0             0             0             0             0
            0             0             0             0             0             0             0             0             0             0             0             0             0             0             0             0             0             0             0             0             0             0             0             0     3.52e+007  2.93333e+009             0  1.17333e+010    -3.52e+007  2.93333e+009             0             0             0             0             0             0             0             0             0             0             0             0             0             0
            0             0             0             0             0             0             0             0             0             0             0             0             0             0             0             0             0             0             0             0             0             0             0             0             0             0       -281600    -3.52e+007        563200             0       -281600     3.52e+007             0             0             0             0             0             0             0             0             0             0             0             0
            0             0             0             0             0             0             0             0             0             0             0             0             0             0             0             0             0             0             0             0             0             0             0             0             0             0     3.52e+007  2.93333e+009             0  1.17333e+010    -3.52e+007  2.93333e+009             0             0             0             0             0             0             0             0             0             0             0             0
            0             0             0             0             0             0             0             0             0             0             0             0             0             0             0             0             0             0             0             0             0             0             0             0             0             0             0             0       -281600    -3.52e+007        563200             0       -281600     3.52e+007             0             0             0             0             0             0             0             0             0             0
            0             0             0             0             0             0             0             0             0             0             0             0             0             0             0             0             0             0             0             0             0             0             0             0             0             0             0             0     3.52e+007  2.93333e+009             0  1.17333e+010    -3.52e+007  2.93333e+009             0             0             0             0             0             0             0             0             0             0
            0             0             0             0             0             0             0             0             0             0             0             0             0             0             0             0             0             0             0             0             0             0             0             0             0             0             0             0             0             0       -281600    -3.52e+007        563200             0       -281600     3.52e+007             0             0             0             0             0             0             0             0
            0             0             0             0             0             0             0             0             0             0             0             0             0             0             0             0             0             0             0             0             0             0             0             0             0             0             0             0             0             0     3.52e+007  2.93333e+009             0  1.17333e+010    -3.52e+007  2.93333e+009             0             0             0             0             0             0             0             0
            0             0             0             0             0             0             0             0             0             0             0             0             0             0             0             0             0             0             0             0             0             0             0             0             0             0             0             0             0             0             0             0       -281600    -3.52e+007        563200             0       -281600     3.52e+007             0             0             0             0             0             0
            0             0             0             0             0             0             0             0             0             0             0             0             0             0             0             0             0             0             0             0             0             0             0             0             0             0             0             0             0             0             0             0     3.52e+007  2.93333e+009             0  1.17333e+010    -3.52e+007  2.93333e+009             0             0             0             0             0             0
            0             0             0             0             0             0             0             0             0             0             0             0             0             0             0             0             0             0             0             0             0             0             0             0             0             0             0             0             0             0             0             0             0             0       -281600    -3.52e+007        563200             0       -281600     3.52e+007             0             0             0             0
            0             0             0             0             0             0             0             0             0             0             0             0             0             0             0             0             0             0             0             0             0             0             0             0             0             0             0             0             0             0             0             0             0             0     3.52e+007  2.93333e+009             0  1.17333e+010    -3.52e+007  2.93333e+009             0             0             0             0
            0             0             0             0             0             0             0             0             0             0             0             0             0             0             0             0             0             0             0             0             0             0             0             0             0             0             0             0             0             0             0             0             0             0             0             0       -281600    -3.52e+007        563200             0       -281600     3.52e+007             0             0
            0             0             0             0             0             0             0             0             0             0             0             0             0             0             0             0             0             0             0             0             0             0             0             0             0             0             0             0             0             0             0             0             0             0             0             0     3.52e+007  2.93333e+009             0  1.17333e+010    -3.52e+007  2.93333e+009             0             0
            0             0             0             0             0             0             0             0             0             0             0             0             0             0             0             0             0             0             0             0             0             0             0             0             0             0             0             0             0             0             0             0             0             0             0             0             0             0       -281600    -3.52e+007        563200             0       -281600     3.52e+007
            0             0             0             0             0             0             0             0             0             0             0             0             0             0             0             0             0             0             0             0             0             0             0             0             0             0             0             0             0             0             0             0             0             0             0             0             0             0     3.52e+007  2.93333e+009             0  1.17333e+010    -3.52e+007  2.93333e+009
            0             0             0             0             0             0             0             0             0             0             0             0             0             0             0             0             0             0             0             0             0             0             0             0             0             0             0             0             0             0             0             0             0             0             0             0             0             0             0             0             0             0             1             0
            0             0             0             0             0             0             0             0             0             0             0             0             0             0             0             0             0             0             0             0             0             0             0             0             0             0             0             0             0             0             0             0             0             0             0             0             0             0             0             0             0             0             0             1
